-2.433333333333333  -2.933333333333333
-2.5  -2.533333333333333
-2.533333333333333  -2.2666666666666666
-2.5166666666666666  -1.6333333333333333
-2.4833333333333334  -0.9666666666666667
-2.4833333333333334  -0.1
-2.4833333333333334  0.7333333333333333
-2.45  1.3833333333333333
-2.35  2.1666666666666665
-2.0833333333333335  2.8666666666666667
-1.7333333333333334  3.2666666666666666
-1.2  3.5833333333333335
-0.4666666666666667  3.816666666666667
0.25  3.966666666666667
0.9166666666666666  4.2
1.9833333333333334  4.933333333333334
2.566666666666667  5.65
2.7333333333333334  5.9
3.6  6.416666666666667
4.75  6.766666666666667
5.866666666666666  6.683333333333334
6.166666666666667  6.233333333333333
6.183333333333334  5.666666666666667
6.083333333333333  5.066666666666666
6.066666666666666  4.233333333333333
6.066666666666666  3.3333333333333335
6.083333333333333  2.6166666666666667
6.15  1.65
6.283333333333333  0.6833333333333333
6.233333333333333  0.0
6.216666666666667  -0.4166666666666667
5.966666666666667  -1.2333333333333334
5.5  -2.4
4.966666666666667  -3.0833333333333335
4.2  -3.216666666666667
3.4  -3.1
2.966666666666667  -3.1166666666666667
2.3666666666666667  -3.1166666666666667
1.2833333333333334  -3.1
0.21666666666666667  -3.15
-1.1166666666666667  -3.216666666666667
-1.8833333333333333  -3.2333333333333334
