339  200
338  200
338  201
338  201
337  201
337  201
337  201
337  201
336  201
336  201
336  201
336  201
336  201
335  202
335  202
335  202
335  202
335  202
335  202
335  202
335  202
335  202
335  202
335  202
335  202
335  202
335  202
335  202
335  202
335  202
335  202
335  202
335  201
335  201
335  201
335  201
335  200
335  200
335  200
334  200
334  199
334  199
334  199
334  199
333  199
333  199
333  199
333  198
333  198
333  198
332  198
332  198
332  198
332  197
332  197
332  197
332  197
332  196
332  196
332  196
332  196
331  196
331  195
331  195
331  195
332  195
332  194
332  194
332  194
332  194
332  193
332  193
332  193
332  193
332  192
332  192
332  192
332  192
332  192
332  192
332  192
332  192
332  192
332  192
332  192
332  192
332  192
332  192
332  192
332  192
332  192
332  192
332  192
332  192
332  191
332  191
332  191
332  191
332  190
332  190
332  190
332  190
332  189
332  189
332  189
332  189
332  189
332  188
332  188
332  188
332  188
332  187
332  187
332  187
332  187
332  186
332  186
332  186
332  185
332  185
332  185
332  185
331  185
331  184
331  184
332  184
332  184
332  183
332  183
332  183
332  183
332  182
332  182
332  182
332  182
332  182
333  182
333  181
333  181
333  181
333  181
334  181
334  181
334  181
334  180
335  180
335  180
335  180
335  180
336  180
336  180
336  180
336  180
336  180
337  180
337  180
337  180
337  180
338  180
338  180
338  180
338  180
339  180
339  180
339  180
339  180
339  180
339  180
339  180
339  180
339  180
339  180
339  180
339  180
339  180
339  180
339  180
339  180
339  180
339  180
339  180
340  180
340  180
340  180
340  180
341  180
341  180
341  180
341  180
342  180
342  180
342  180
342  180
343  180
343  179
343  179
343  179
343  179
343  179
344  179
344  179
344  178
344  178
344  178
345  178
345  178
345  178
345  178
345  177
346  177
346  177
346  177
347  176
348  175
349  174
349  173
350  173
350  172
351  171
351  170
351  169
352  168
352  167
352  166
352  165
352  165
352  165
352  165
352  165
352  165
352  165
352  165
352  165
352  165
352  165
352  165
352  165
352  165
352  165
352  165
352  165
352  165
352  165
352  165
352  165
352  165
352  165
352  165
352  165
352  165
352  165
352  165
352  165
352  165
352  165
352  165
352  165
352  164
352  164
351  164
351  164
351  164
351  163
351  163
351  163
351  163
351  163
350  162
350  162
350  162
350  162
350  162
350  161
350  161
350  161
350  161
350  160
350  160
351  160
351  160
351  159
351  159
351  159
351  159
351  158
351  158
351  158
351  158
351  158
351  158
351  158
351  158
351  158
351  158
351  158
351  158
351  158
351  158
351  158
351  158
351  158
351  158
352  158
352  158
352  158
352  157
352  157
352  157
353  157
353  157
353  157
353  157
354  156
354  156
354  156
354  156
354  156
355  156
355  156
355  156
355  156
356  156
356  156
356  156
356  156
357  156
357  156
357  156
357  156
358  156
358  156
358  156
358  156
358  156
358  156
358  156
358  156
358  156
358  156
358  156
358  156
358  156
358  156
358  156
358  156
358  156
358  156
358  156
358  156
358  156
358  156
358  156
358  156
358  156
358  156
358  156
358  156
358  156
358  156
358  156
358  156
358  156
358  156
358  156
359  156
359  156
359  156
359  156
360  156
360  156
360  156
360  156
361  156
361  156
361  156
361  156
361  156
361  156
361  156
361  156
361  156
361  156
361  156
361  156
361  156
361  156
361  156
361  156
361  156
361  156
361  156
361  156
361  156
361  156
361  156
361  156
361  156
361  156
361  156
361  156
361  156
361  156
361  156
361  156
361  156
361  156
361  156
361  156
361  156
361  156
361  156
361  156
361  156
361  156
361  156
361  156
361  156
361  156
361  156
361  156
361  156
361  156
362  156
362  156
362  156
363  156
363  156
363  156
363  156
364  156
364  156
364  156
364  156
365  156
365  156
365  156
365  156
365  156
365  156
365  156
365  156
365  156
365  156
365  156
365  156
365  156
365  156
365  156
365  156
365  156
365  156
365  156
365  156
366  156
366  156
366  156
366  156
367  156
367  156
367  156
367  156
368  156
368  156
368  156
368  156
368  156
369  156
369  156
369  156
370  156
370  156
370  156
370  156
371  156
371  156
371  156
371  156
372  156
372  156
372  156
372  156
373  156
374  156
375  156
376  155
377  155
378  155
379  155
380  155
381  155
382  155
384  155
385  155
386  155
387  155
387  155
387  155
387  155
387  155
387  155
387  155
387  155
387  155
387  155
387  155
387  155
387  155
387  155
387  155
387  155
387  155
387  155
387  155
387  155
388  155
388  155
388  155
388  155
389  155
389  155
389  155
389  155
390  155
390  155
390  155
390  155
391  155
392  155
393  155
394  155
395  155
396  155
397  155
399  156
400  156
401  156
402  156
403  156
404  156
405  156
405  156
405  156
405  156
405  156
405  156
405  156
405  156
405  156
405  156
405  156
405  156
405  156
405  156
405  156
405  156
405  156
405  156
405  156
405  156
405  156
405  156
405  156
405  156
405  156
405  156
405  156
405  156
405  156
405  156
405  156
405  156
405  156
405  156
406  156
406  156
406  156
406  156
407  156
407  156
407  155
407  155
408  155
408  155
408  155
408  155
408  155
409  155
409  155
409  155
409  155
410  155
410  155
410  155
410  155
411  155
411  155
411  155
411  155
412  155
412  156
412  156
412  156
412  156
412  156
413  156
413  156
413  156
413  156
414  156
414  156
414  156
414  156
415  156
415  156
415  156
415  156
415  156
415  156
415  156
415  156
415  156
415  156
415  156
415  156
415  156
415  156
415  156
415  156
415  156
415  156
415  156
415  156
415  156
415  156
415  156
415  156
415  156
415  156
415  156
415  156
415  156
415  156
415  156
415  156
415  156
415  156
415  156
415  156
415  156
415  156
415  156
415  156
415  156
415  156
415  156
415  156
415  156
415  156
415  156
415  156
415  156
416  156
417  156
418  156
419  156
420  156
421  156
423  156
424  156
425  156
426  156
427  156
428  156
429  156
430  156
430  156
430  156
430  156
430  156
430  156
430  156
430  156
430  156
430  156
430  156
430  156
430  156
430  156
430  156
430  156
430  156
430  156
430  156
431  156
431  156
431  156
431  156
432  156
432  156
432  156
432  156
433  156
433  156
433  156
433  156
433  156
434  156
434  156
434  156
434  156
435  156
435  156
435  156
435  156
436  156
436  156
436  156
436  156
437  156
437  156
437  156
437  156
437  156
437  156
437  156
437  156
437  156
437  156
437  156
437  156
437  156
437  156
437  156
437  156
437  156
437  156
438  156
439  156
440  156
441  156
442  156
443  157
443  157
444  158
444  159
445  160
444  161
444  162
444  163
443  164
443  164
443  164
443  164
443  164
443  164
443  164
443  164
443  164
443  164
443  164
443  164
443  164
443  164
443  164
443  164
443  164
443  164
444  164
444  164
444  164
444  164
445  164
445  165
445  165
445  165
445  165
446  165
446  165
446  166
446  166
446  166
446  166
446  166
446  167
447  167
447  167
447  167
447  168
447  168
447  168
447  168
447  169
447  169
447  169
447  169
447  169
447  170
446  170
446  170
446  170
446  171
446  171
446  171
446  171
446  172
447  172
447  172
447  172
447  173
447  173
447  173
447  173
447  173
447  174
447  174
448  174
448  174
448  174
448  175
448  175
448  175
448  175
449  176
449  176
449  176
449  176
449  176
449  176
449  176
449  176
449  176
449  176
449  176
449  176
449  176
449  176
449  176
449  176
449  176
449  176
449  176
449  176
449  176
449  176
449  176
449  176
449  176
449  176
449  176
449  176
449  176
449  176
449  176
449  176
449  176
449  176
450  176
451  176
452  176
453  176
454  176
455  176
456  176
457  176
458  176
459  176
460  176
461  176
462  176
463  176
463  176
464  176
465  176
467  176
468  176
469  176
470  176
471  176
472  176
473  176
474  176
475  176
476  176
477  176
478  176
478  176
479  176
480  176
481  176
482  177
483  177
484  177
485  177
486  178
487  178
488  179
489  180
489  180
490  181
491  182
491  182
491  182
491  182
491  182
492  182
492  183
492  183
492  183
492  183
492  184
492  184
492  184
492  184
492  185
492  185
492  185
492  186
492  187
492  188
492  189
492  190
492  191
492  192
493  193
493  194
494  195
494  196
495  197
495  198
496  199
496  199
496  199
496  199
496  199
496  199
496  199
496  199
496  199
496  199
496  199
496  199
496  199
496  199
496  199
496  199
496  199
496  199
496  199
496  199
497  199
497  199
497  199
497  199
498  200
498  200
498  200
498  200
499  200
499  200
499  200
499  200
500  199
501  199
502  199
503  199
504  199
505  200
506  200
507  200
508  200
509  201
510  201
511  202
512  202
513  203
513  203
513  203
513  203
513  203
514  204
514  204
514  204
514  204
514  204
514  205
514  205
514  205
514  205
515  206
515  206
515  206
515  207
515  208
515  209
515  210
515  211
515  212
515  213
515  214
515  215
515  216
515  217
515  218
515  219
515  221
515  221
515  222
515  223
515  224
515  225
515  226
515  227
515  228
515  229
515  230
515  231
516  232
516  233
516  234
516  235
516  235
516  236
516  237
516  238
516  239
516  240
517  241
517  242
518  243
518  244
519  245
519  246
520  246
521  247
522  248
522  248
522  248
522  248
522  248
522  248
523  249
523  249
523  249
523  249
524  249
524  249
524  249
524  249
525  249
525  249
525  249
525  249
525  249
526  249
526  249
526  249
526  249
527  249
527  249
527  249
527  248
528  248
528  248
528  248
528  248
528  248
529  248
529  248
529  248
530  248
530  248
530  248
530  248
531  248
531  248
531  249
531  249
532  249
532  249
532  249
532  249
532  249
532  249
533  250
533  250
533  250
533  250
534  250
534  250
534  250
534  250
535  250
535  250
535  250
535  250
535  250
536  250
537  250
538  250
539  251
540  251
541  252
541  253
541  254
542  255
541  256
541  257
540  258
540  259
539  259
539  259
539  259
539  259
539  259
539  259
539  259
539  259
539  259
539  259
539  259
539  259
539  259
539  259
539  259
539  259
539  259
539  260
539  260
538  260
538  260
538  261
538  261
538  261
538  261
538  262
538  262
538  262
539  262
539  263
539  263
539  263
539  264
540  265
540  266
540  267
540  268
541  269
541  270
541  271
541  272
541  273
540  274
540  275
540  276
540  277
540  277
540  277
539  277
539  278
539  278
539  278
539  278
539  279
539  279
539  279
539  279
539  280
540  280
540  280
540  280
540  280
540  281
540  281
540  281
540  281
540  282
540  282
540  282
540  282
540  283
540  283
540  283
540  283
540  284
540  284
540  284
540  284
540  284
540  284
540  284
540  284
540  284
540  284
540  284
540  284
540  284
540  284
540  284
540  284
540  284
540  284
540  284
540  284
540  284
540  284
540  284
540  284
540  284
540  284
540  284
540  284
540  284
540  284
540  284
540  284
540  284
540  284
540  284
541  284
541  284
541  285
541  285
541  285
541  285
541  286
541  286
541  286
540  286
540  286
540  286
540  286
540  286
540  286
540  286
540  286
540  286
540  286
540  286
540  286
540  286
540  286
540  286
540  286
540  286
540  286
540  286
540  286
540  286
540  286
540  286
540  286
540  286
540  286
540  286
540  286
540  286
540  286
540  286
540  286
540  286
540  286
539  287
539  288
538  289
537  290
537  290
536  291
535  292
534  292
533  293
532  293
531  294
530  294
529  294
528  295
528  295
528  295
528  295
528  295
528  295
528  295
528  295
528  295
528  295
528  295
528  295
528  295
528  295
528  295
528  295
528  295
528  294
528  294
528  294
528  294
527  294
527  294
527  294
527  294
526  294
526  294
526  294
526  294
525  294
525  294
525  294
525  294
525  294
524  294
524  294
524  294
524  294
523  294
523  294
523  294
523  294
522  294
522  294
522  294
521  294
521  294
521  294
521  294
521  294
520  294
520  294
520  294
520  294
519  294
519  294
519  294
519  294
518  294
518  294
518  293
518  293
518  293
518  293
517  293
517  293
517  293
517  293
516  293
516  292
516  292
516  292
515  292
515  292
515  292
515  292
515  292
514  293
513  293
512  293
511  293
510  293
509  293
507  294
506  294
505  294
504  294
503  294
502  294
501  295
500  295
500  295
500  295
500  295
500  295
499  295
499  295
499  295
499  295
498  295
498  295
498  295
497  295
497  295
497  295
497  295
497  295
496  295
496  295
496  296
496  296
495  296
495  296
495  296
495  296
495  296
494  296
494  297
494  297
494  297
494  297
494  297
493  298
493  299
492  300
492  301
492  302
491  303
491  304
491  305
491  306
491  307
491  308
491  309
491  310
491  311
491  311
492  311
492  312
492  312
492  312
492  312
492  313
492  313
492  313
492  313
491  314
491  314
491  314
491  314
491  315
491  315
491  315
491  315
491  315
490  316
490  316
490  316
490  316
490  316
489  316
489  316
489  317
489  317
488  317
488  317
488  317
487  317
486  317
485  317
484  317
483  318
482  318
481  318
480  318
479  318
478  318
477  319
476  319
475  319
474  319
474  319
474  319
473  319
473  319
473  319
473  319
472  320
472  320
472  320
472  320
472  320
471  320
471  321
471  321
471  321
471  321
471  321
471  321
470  322
470  322
470  322
470  322
470  323
470  323
470  323
470  323
470  324
470  324
470  324
470  324
470  324
470  324
470  324
470  324
470  324
470  324
470  324
470  324
470  324
470  324
470  324
470  324
470  324
470  324
470  324
470  324
470  326
470  327
470  328
470  329
470  330
470  331
470  332
470  333
469  334
469  335
468  336
468  336
467  337
466  338
466  338
466  338
466  338
466  338
466  338
466  338
466  338
466  338
466  338
466  338
466  338
466  338
466  338
466  338
466  338
466  338
466  338
466  338
466  338
466  338
466  338
466  338
466  338
466  338
466  338
466  338
466  338
466  338
466  338
466  338
466  338
466  338
466  338
466  338
466  339
465  339
465  339
465  339
465  339
464  339
464  339
464  339
464  340
464  340
463  340
463  340
463  340
463  340
463  340
462  340
462  340
462  341
462  341
461  341
461  341
461  341
461  341
461  341
460  342
460  342
460  342
460  342
460  342
459  342
459  342
459  342
459  342
458  342
458  342
458  342
458  342
457  342
457  342
457  342
457  342
457  342
456  342
456  342
456  342
456  342
455  342
455  342
455  342
455  342
454  342
454  342
454  342
454  342
453  342
453  342
453  342
453  342
453  342
453  342
453  342
453  342
453  342
453  342
453  342
453  342
453  342
453  342
453  342
453  342
453  342
453  342
453  342
453  343
452  343
452  343
452  343
452  343
451  343
451  343
451  343
451  343
450  343
450  343
450  343
450  343
450  343
449  343
449  343
449  343
449  343
448  343
448  343
448  343
448  343
447  343
447  343
447  344
447  344
446  344
446  344
446  344
446  344
446  344
446  344
446  344
446  344
446  344
446  344
446  344
446  344
446  344
446  344
446  344
446  344
446  344
446  344
446  344
446  344
446  345
446  345
446  345
446  346
446  346
446  346
446  346
446  347
446  347
446  347
446  347
446  347
446  347
446  347
446  347
446  347
446  347
446  347
446  347
446  347
446  347
446  347
446  347
446  347
446  347
446  347
446  347
446  347
446  347
446  347
446  347
446  347
446  347
446  347
446  347
446  347
446  347
446  347
446  347
446  347
446  347
446  347
446  347
446  348
446  350
446  351
446  352
446  353
446  354
446  355
446  356
446  357
445  358
445  359
444  360
444  361
443  361
443  361
443  362
443  362
443  362
443  362
442  362
442  362
442  363
442  363
442  363
441  363
441  363
441  363
441  363
440  363
440  363
440  363
440  363
439  363
439  363
439  363
439  363
438  363
438  363
438  363
438  363
437  363
437  363
437  363
437  363
437  363
436  364
435  364
434  364
433  364
432  365
431  365
430  365
429  366
428  366
427  367
426  368
425  368
425  369
424  370
424  370
424  370
424  370
424  370
424  370
424  370
424  370
424  370
424  370
424  370
424  370
424  370
424  370
424  370
424  370
424  370
424  370
424  370
424  370
424  370
424  370
424  370
424  370
424  370
424  370
424  370
424  370
424  370
424  370
424  370
424  370
424  370
424  370
424  371
424  371
424  371
424  372
424  372
424  372
424  372
424  373
424  373
424  373
424  373
425  374
425  374
425  374
425  374
425  374
425  374
425  374
425  374
425  374
425  374
425  374
425  374
425  374
425  374
425  374
425  374
425  374
425  374
425  374
425  374
425  375
425  375
425  375
425  375
425  376
425  376
425  376
425  376
424  377
424  377
424  377
424  377
424  377
424  377
424  377
424  377
424  377
424  377
424  377
424  377
424  377
424  377
424  377
424  377
424  377
424  377
424  377
424  377
424  378
425  378
425  378
425  378
425  378
425  379
425  379
425  379
425  379
425  380
425  380
425  380
425  381
425  381
425  381
425  381
425  381
425  381
425  381
425  381
425  381
425  381
425  381
425  381
425  381
425  381
425  381
425  381
425  381
425  381
424  383
425  384
425  385
425  385
426  386
427  387
428  387
429  388
430  388
431  388
432  387
433  387
433  386
433  386
433  386
433  386
433  386
433  386
433  386
433  386
433  386
433  386
433  386
433  386
433  386
433  386
433  386
433  386
433  386
433  386
434  386
434  386
434  387
434  387
434  387
435  387
435  387
435  387
435  387
436  387
436  388
436  388
436  388
436  388
437  388
438  388
439  388
440  388
441  388
442  388
444  388
445  388
446  388
447  389
448  389
449  389
450  389
451  389
451  389
452  389
453  389
454  389
455  389
456  389
457  389
458  390
459  390
460  390
461  390
462  390
463  390
464  390
465  390
465  390
466  390
467  390
468  390
469  390
470  390
471  390
472  389
473  389
474  389
475  388
476  388
477  387
478  387
479  386
479  386
479  386
479  386
479  386
479  386
479  386
479  386
479  386
479  386
479  386
479  386
479  386
479  386
479  386
479  386
479  386
480  386
481  386
482  386
483  386
484  386
485  386
486  387
487  387
488  387
489  387
490  387
491  387
492  387
493  387
493  387
494  387
495  387
496  387
497  388
498  388
499  388
500  388
502  388
503  388
504  388
505  388
506  388
507  388
508  388
508  388
508  388
508  388
509  388
509  388
509  388
509  388
510  388
510  388
510  388
510  388
510  388
511  388
511  388
511  387
511  387
511  387
511  387
512  387
512  387
512  386
512  386
512  386
513  386
513  386
513  386
513  385
513  385
514  385
514  385
514  385
514  385
514  384
514  384
514  384
515  384
515  384
515  383
515  383
515  383
515  383
515  382
515  382
515  382
515  382
515  382
515  381
515  380
515  378
515  377
515  376
515  375
515  374
515  373
515  372
515  371
515  370
515  369
515  368
515  367
515  367
515  366
514  365
514  364
514  363
514  362
514  361
514  360
514  359
514  358
514  357
514  356
514  355
514  354
514  353
514  353
514  352
514  352
514  352
514  351
514  351
514  351
514  351
514  350
514  350
515  350
515  350
515  350
515  349
515  349
515  349
515  349
516  349
516  349
516  348
516  348
516  348
516  348
516  347
516  347
517  347
517  347
517  346
517  346
517  346
517  346
517  345
517  344
516  343
516  342
516  341
516  340
516  339
516  338
516  337
516  336
516  335
516  333
516  332
516  331
516  331
516  330
516  329
516  328
516  327
516  326
517  325
517  324
517  323
518  322
518  321
519  321
520  320
520  319
521  318
521  318
521  318
521  318
522  318
522  318
522  317
522  317
522  317
523  317
523  317
523  317
523  317
524  317
524  317
524  317
524  317
525  317
526  317
527  317
528  317
529  317
530  317
531  318
532  318
534  318
535  318
536  318
537  318
538  318
539  318
539  318
540  318
541  318
542  318
543  319
544  319
545  319
546  319
547  319
548  319
549  319
550  319
551  319
552  319
553  319
553  319
553  319
554  319
554  319
554  319
555  320
555  320
555  320
555  320
556  320
556  320
556  320
556  320
557  320
557  320
557  320
557  320
557  320
557  320
557  320
557  320
557  320
557  320
557  320
557  320
557  320
557  320
557  320
557  320
557  320
557  320
557  320
557  320
558  320
558  320
558  320
558  320
559  320
559  320
559  320
559  320
560  320
560  320
560  321
560  321
560  321
560  321
561  321
561  321
561  322
561  322
561  322
561  322
561  323
561  323
561  323
562  323
562  324
562  324
562  324
562  324
562  325
562  326
561  327
561  328
561  329
561  330
561  331
561  332
561  333
561  334
561  335
561  337
561  338
561  339
561  339
561  339
561  339
561  339
561  340
561  340
561  340
561  340
561  341
561  341
561  341
561  341
561  342
561  342
561  342
561  342
561  342
561  343
561  343
561  343
561  344
561  344
561  344
561  344
561  345
561  345
561  345
561  345
561  346
561  346
561  346
561  346
561  346
561  347
561  347
561  347
561  347
561  348
561  348
561  348
561  348
561  349
561  349
562  349
562  349
562  349
562  349
562  349
562  349
562  349
562  349
562  349
562  349
562  349
562  349
562  349
562  349
562  349
562  349
562  349
562  349
562  349
562  350
562  350
562  350
562  350
563  351
563  351
563  351
563  351
563  352
563  352
563  352
563  352
563  353
563  353
563  353
563  353
562  353
562  354
562  354
562  354
562  354
562  355
562  355
562  355
562  355
562  356
562  356
562  356
562  356
562  356
562  357
562  357
562  357
561  357
561  358
561  358
561  358
561  358
561  358
560  359
560  359
560  359
560  359
560  359
560  359
559  359
559  359
559  360
559  360
558  360
558  360
558  360
558  360
558  360
557  360
557  361
557  361
557  361
557  361
556  361
555  362
554  362
553  363
552  363
551  364
550  364
549  365
548  365
548  366
547  366
546  367
545  367
544  368
544  368
544  368
544  368
543  368
543  368
543  369
543  369
543  369
542  369
542  369
542  370
542  370
542  370
542  370
542  371
542  371
542  371
542  371
542  371
542  372
542  372
542  372
542  372
542  373
542  373
542  373
542  373
542  374
542  374
542  374
542  374
542  374
542  374
542  374
542  374
542  374
542  374
542  374
542  374
542  374
542  374
542  374
542  374
542  374
542  374
542  374
542  374
542  375
542  375
542  375
542  375
542  376
542  376
542  376
541  376
541  376
541  377
541  377
541  377
540  377
540  377
540  377
540  377
540  377
540  377
540  377
540  377
540  377
540  377
540  377
540  377
540  377
540  377
540  377
540  377
540  377
540  378
541  379
541  380
541  381
542  382
542  383
543  384
543  385
544  386
544  386
545  387
546  388
547  389
547  389
547  389
548  389
548  390
548  390
548  390
549  390
549  390
549  390
549  390
550  390
550  390
550  390
550  390
551  390
551  390
551  390
551  390
551  390
551  390
551  390
551  390
551  390
551  390
551  390
551  390
551  390
551  390
551  390
551  390
551  390
551  390
551  390
551  390
551  390
551  390
551  390
551  390
551  390
551  390
551  390
551  390
551  390
551  390
551  390
551  390
551  390
551  390
551  390
551  389
551  389
552  389
552  389
552  389
552  389
553  389
553  389
553  389
553  390
553  390
553  390
553  390
553  390
553  390
553  390
553  390
553  390
553  390
553  390
553  390
553  390
553  390
553  390
553  390
553  390
553  390
553  390
554  390
554  390
554  390
554  390
555  390
555  390
555  390
555  390
556  390
556  390
556  390
556  390
557  390
557  390
557  390
557  390
557  390
557  390
557  390
557  390
557  390
557  390
557  390
557  390
557  390
557  390
557  390
557  390
557  390
557  390
557  390
557  390
557  390
558  390
558  390
558  390
558  390
559  390
559  391
559  391
559  391
559  391
559  392
559  392
559  392
559  392
559  392
559  392
559  392
559  392
559  392
559  392
559  392
559  392
559  392
559  392
559  392
559  392
559  392
559  392
559  392
559  392
559  393
559  393
559  393
559  393
559  394
559  394
559  394
559  394
559  395
559  395
559  395
559  395
559  395
559  396
559  396
559  396
559  396
559  397
559  397
559  397
559  397
559  398
559  398
559  398
559  398
559  399
559  399
559  399
559  399
559  399
559  399
559  399
559  399
559  399
559  399
559  399
559  399
559  399
559  399
559  399
559  399
559  399
559  399
559  399
559  399
559  399
559  399
559  399
559  399
559  399
559  399
559  399
559  399
559  399
559  399
559  399
559  399
559  399
559  399
559  399
559  400
559  400
559  400
559  400
559  401
559  401
559  401
559  401
558  402
558  402
558  402
558  402
558  402
558  402
558  402
558  402
558  402
558  402
558  402
558  402
558  402
558  402
558  402
558  402
558  402
558  402
558  402
558  402
558  402
558  402
558  402
558  402
558  402
558  402
558  402
558  402
558  402
558  402
558  402
558  402
558  402
558  402
558  402
558  402
558  402
558  402
558  402
558  402
558  402
558  402
558  402
558  402
558  402
558  402
558  402
558  402
558  402
558  402
558  403
558  403
558  403
558  403
558  404
558  404
558  404
558  404
558  405
558  405
558  405
558  405
558  406
558  406
558  406
558  406
558  406
558  407
558  407
558  407
558  407
558  408
557  408
557  408
557  408
557  409
557  409
557  409
557  409
557  409
557  409
557  409
557  409
557  409
557  409
557  409
557  409
557  409
557  409
557  409
557  409
557  409
557  409
557  409
557  409
556  410
555  410
554  410
553  411
552  411
551  411
550  412
549  412
548  412
547  413
546  413
545  413
544  414
543  414
543  414
543  414
543  414
543  414
543  414
543  414
543  414
543  414
543  414
543  414
543  414
543  414
543  414
543  414
543  414
543  414
543  414
543  414
542  414
542  413
542  413
542  413
541  413
541  413
541  413
541  413
541  413
540  412
540  412
540  412
540  412
540  412
539  412
539  412
539  412
539  411
539  411
539  411
538  411
538  411
538  410
538  410
538  410
538  410
538  409
